"","Gender","Age","Attitude","Deep","Stra","Surf","Points"
"1",0.337349397590361,27.4879518072289,5.57228915662651,-1.1566265060241,2.03012048192771,-2.44578313253012,2.28313253012048
"2",-0.662650602409639,29.4879518072289,-0.427710843373493,-9.1566265060241,-2.96987951807229,4.55421686746988,-10.7168674698795
"3",0.337349397590361,23.4879518072289,-6.42771084337349,-2.1566265060241,4.03012048192771,-6.44578313253012,1.28313253012048
"4",-0.662650602409639,27.4879518072289,3.57228915662651,-2.1566265060241,0.0301204819277103,-6.44578313253012,-12.7168674698795
"5",-0.662650602409639,23.4879518072289,5.57228915662651,-0.156626506024097,4.03012048192771,0.554216867469883,-0.716867469879517
"6",0.337349397590361,12.4879518072289,6.57228915662651,12.8433734939759,4.03012048192771,-4.44578313253012,-1.71686746987952
"7",-0.662650602409639,24.4879518072289,3.57228915662651,1.8433734939759,-6.96987951807229,-10.4457831325301,-1.71686746987952
"8",0.337349397590361,11.4879518072289,-2.42771084337349,-5.1566265060241,7.03012048192771,0.554216867469883,8.28313253012048
"9",-0.662650602409639,11.4879518072289,6.57228915662651,7.8433734939759,9.03012048192771,-7.44578313253012,1.28313253012048
"10",0.337349397590361,16.4879518072289,-10.4277108433735,3.8433734939759,3.03012048192771,2.55421686746988,3.28313253012048
"11",-0.662650602409639,11.4879518072289,7.57228915662651,-1.1566265060241,4.03012048192771,-1.44578313253012,8.28313253012048
"12",0.337349397590361,8.48795180722892,6.57228915662651,1.8433734939759,13.0301204819277,-4.44578313253012,8.28313253012048
"13",0.337349397590361,8.48795180722892,-7.42771084337349,6.8433734939759,4.03012048192771,-6.44578313253012,0.283132530120483
"14",0.337349397590361,8.48795180722892,-1.42771084337349,-4.1566265060241,3.03012048192771,-0.445783132530117,2.28313253012048
"15",-0.662650602409639,9.48795180722892,-5.42771084337349,5.8433734939759,-10.9698795180723,-5.44578313253012,-1.71686746987952
"17",0.337349397590361,7.48795180722892,9.57228915662651,-0.156626506024097,6.03012048192771,-5.44578313253012,8.28313253012048
"18",0.337349397590361,6.48795180722892,-5.42771084337349,4.8433734939759,-13.9698795180723,1.55421686746988,-2.71686746987952
"19",0.337349397590361,18.4879518072289,-5.42771084337349,-2.1566265060241,1.03012048192771,-3.44578313253012,-0.716867469879517
"20",-0.662650602409639,3.48795180722892,-14.4277108433735,4.8433734939759,-0.96987951807229,11.5542168674699,-13.7168674698795
"21",0.337349397590361,4.48795180722892,-4.42771084337349,3.8433734939759,5.03012048192771,-0.445783132530117,1.28313253012048
"22",-0.662650602409639,1.48795180722892,7.57228915662651,2.8433734939759,-3.96987951807229,-5.44578313253012,5.28313253012048
"23",-0.662650602409639,3.48795180722892,2.57228915662651,3.8433734939759,-5.96987951807229,-4.44578313253012,7.28313253012048
"24",0.337349397590361,5.48795180722892,-4.42771084337349,3.8433734939759,4.03012048192771,2.55421686746988,1.28313253012048
"25",0.337349397590361,11.4879518072289,-8.42771084337349,-0.156626506024097,-2.96987951807229,-4.44578313253012,-13.7168674698795
"26",0.337349397590361,0.487951807228917,5.57228915662651,-0.156626506024097,-10.9698795180723,0.554216867469883,3.28313253012048
"27",0.337349397590361,0.487951807228917,12.5722891566265,8.8433734939759,1.03012048192771,4.55421686746988,9.28313253012048
"28",-0.662650602409639,4.48795180722892,9.57228915662651,2.8433734939759,7.03012048192771,2.55421686746988,9.28313253012048
"30",0.337349397590361,7.48795180722892,5.57228915662651,0.843373493975903,4.03012048192771,-9.44578313253012,10.2831325301205
"31",0.337349397590361,7.48795180722892,-6.42771084337349,-5.1566265060241,-1.96987951807229,8.55421686746988,6.28313253012048
"32",-0.662650602409639,2.48795180722892,-1.42771084337349,-1.1566265060241,-0.96987951807229,11.5542168674699,7.28313253012048
"33",-0.662650602409639,0.487951807228917,2.57228915662651,14.8433734939759,-11.9698795180723,-3.44578313253012,-3.71686746987952
"34",0.337349397590361,1.48795180722892,0.572289156626507,-1.1566265060241,1.03012048192771,-8.44578313253012,0.283132530120483
"35",0.337349397590361,-0.512048192771083,-11.4277108433735,-9.1566265060241,3.03012048192771,-4.44578313253012,-3.71686746987952
"36",0.337349397590361,5.48795180722892,-7.42771084337349,-0.156626506024097,-0.96987951807229,-2.44578313253012,-10.7168674698795
"37",-0.662650602409639,-5.51204819277108,10.5722891566265,9.8433734939759,1.03012048192771,-14.4457831325301,-12.7168674698795
"38",0.337349397590361,13.4879518072289,-15.4277108433735,4.8433734939759,-9.96987951807229,0.554216867469883,-11.7168674698795
"39",-0.662650602409639,12.4879518072289,-0.427710843373493,1.8433734939759,10.0301204819277,-11.4457831325301,-2.71686746987952
"40",-0.662650602409639,-1.51204819277108,6.57228915662651,-5.1566265060241,4.03012048192771,-4.44578313253012,3.28313253012048
"41",-0.662650602409639,0.487951807228917,6.57228915662651,-16.1566265060241,-4.96987951807229,5.55421686746988,8.28313253012048
"42",-0.662650602409639,-0.512048192771083,1.57228915662651,-4.1566265060241,-14.9698795180723,7.55421686746988,-2.71686746987952
"43",0.337349397590361,4.48795180722892,-14.4277108433735,4.8433734939759,7.03012048192771,7.55421686746988,0.283132530120483
"44",0.337349397590361,-0.512048192771083,-6.42771084337349,-9.1566265060241,-0.96987951807229,4.55421686746988,-10.7168674698795
"45",-0.662650602409639,4.48795180722892,0.572289156626507,-4.1566265060241,-4.96987951807229,8.55421686746988,1.28313253012048
"46",0.337349397590361,22.4879518072289,3.57228915662651,1.8433734939759,14.0301204819277,-1.44578313253012,-5.71686746987952
"47",0.337349397590361,-1.51204819277108,0.572289156626507,-0.156626506024097,15.0301204819277,-4.44578313253012,6.28313253012048
"48",0.337349397590361,14.4879518072289,10.5722891566265,11.8433734939759,10.0301204819277,9.55421686746988,0.283132530120483
"49",-0.662650602409639,-0.512048192771083,-0.427710843373493,0.843373493975903,1.03012048192771,-8.44578313253012,5.28313253012048
"50",0.337349397590361,-2.51204819277108,7.57228915662651,-3.1566265060241,7.03012048192771,11.5542168674699,8.28313253012048
"51",0.337349397590361,-0.512048192771083,-12.4277108433735,5.8433734939759,0.0301204819277103,1.55421686746988,0.283132530120483
"52",0.337349397590361,-2.51204819277108,-10.4277108433735,-9.1566265060241,-4.96987951807229,1.55421686746988,2.28313253012048
"53",-0.662650602409639,1.48795180722892,-6.42771084337349,5.8433734939759,0.0301204819277103,-4.44578313253012,-4.71686746987952
"54",-0.662650602409639,-0.512048192771083,0.572289156626507,-1.1566265060241,1.03012048192771,2.55421686746988,-3.71686746987952
"55",-0.662650602409639,-2.51204819277108,0.572289156626507,-10.1566265060241,-7.96987951807229,7.55421686746988,-0.716867469879517
"56",0.337349397590361,-2.51204819277108,-5.42771084337349,3.8433734939759,-2.96987951807229,1.55421686746988,2.28313253012048
"57",0.337349397590361,-2.51204819277108,-8.42771084337349,-9.1566265060241,-5.96987951807229,5.55421686746988,-1.71686746987952
"58",0.337349397590361,19.4879518072289,6.57228915662651,-8.1566265060241,0.0301204819277103,5.55421686746988,-13.7168674698795
"59",0.337349397590361,-3.51204819277108,-3.42771084337349,4.8433734939759,7.03012048192771,-5.44578313253012,5.28313253012048
"60",0.337349397590361,-2.51204819277108,1.57228915662651,-9.1566265060241,7.03012048192771,5.55421686746988,2.28313253012048
"61",-0.662650602409639,-4.51204819277108,16.5722891566265,-2.1566265060241,-6.96987951807229,-3.44578313253012,6.28313253012048
"62",-0.662650602409639,-4.51204819277108,8.57228915662651,7.8433734939759,1.03012048192771,-12.4457831325301,10.2831325301205
"63",0.337349397590361,-4.51204819277108,8.57228915662651,6.8433734939759,4.03012048192771,-6.44578313253012,10.2831325301205
"64",0.337349397590361,-4.51204819277108,15.5722891566265,-3.1566265060241,4.03012048192771,-8.44578313253012,2.28313253012048
"65",0.337349397590361,0.487951807228917,-8.42771084337349,-7.1566265060241,-4.96987951807229,0.554216867469883,-4.71686746987952
"66",0.337349397590361,-0.512048192771083,-0.427710843373493,10.8433734939759,-9.96987951807229,0.554216867469883,-0.716867469879517
"67",0.337349397590361,0.487951807228917,-4.42771084337349,-3.1566265060241,-8.96987951807229,-4.44578313253012,-5.71686746987952
"68",-0.662650602409639,-4.51204819277108,9.57228915662651,-3.1566265060241,-9.96987951807229,-6.44578313253012,2.28313253012048
"70",0.337349397590361,-2.51204819277108,2.57228915662651,-3.1566265060241,7.03012048192771,0.554216867469883,5.28313253012048
"71",0.337349397590361,-3.51204819277108,-6.42771084337349,-1.1566265060241,-1.96987951807229,-6.44578313253012,-0.716867469879517
"72",0.337349397590361,-3.51204819277108,-10.4277108433735,-25.1566265060241,6.03012048192771,-11.4457831325301,3.28313253012048
"73",0.337349397590361,-3.51204819277108,-17.4277108433735,-4.1566265060241,-4.96987951807229,1.55421686746988,-11.7168674698795
"74",0.337349397590361,-2.51204819277108,-12.4277108433735,7.8433734939759,-2.96987951807229,1.55421686746988,6.28313253012048
"75",-0.662650602409639,-3.51204819277108,5.57228915662651,8.8433734939759,11.0301204819277,-8.44578313253012,-0.716867469879517
"77",-0.662650602409639,-2.51204819277108,0.572289156626507,13.8433734939759,2.03012048192771,-5.44578313253012,-1.71686746987952
"78",-0.662650602409639,-1.51204819277108,-3.42771084337349,-7.1566265060241,-3.96987951807229,-4.44578313253012,5.28313253012048
"79",0.337349397590361,-3.51204819277108,9.57228915662651,-8.1566265060241,8.03012048192771,-0.445783132530117,10.2831325301205
"80",0.337349397590361,-2.51204819277108,-6.42771084337349,4.8433734939759,-3.96987951807229,5.55421686746988,-6.71686746987952
"81",-0.662650602409639,-3.51204819277108,-3.42771084337349,4.8433734939759,-6.96987951807229,-12.4457831325301,8.28313253012048
"82",-0.662650602409639,-5.51204819277108,6.57228915662651,0.843373493975903,-2.96987951807229,-2.44578313253012,-0.716867469879517
"83",-0.662650602409639,-3.51204819277108,-0.427710843373493,-7.1566265060241,-0.96987951807229,6.55421686746988,8.28313253012048
"84",-0.662650602409639,-4.51204819277108,3.57228915662651,12.8433734939759,-11.9698795180723,0.554216867469883,0.283132530120483
"85",0.337349397590361,-3.51204819277108,4.57228915662651,6.8433734939759,-9.96987951807229,-3.44578313253012,3.28313253012048
"86",0.337349397590361,-2.51204819277108,-5.42771084337349,5.8433734939759,2.03012048192771,-4.44578313253012,-10.7168674698795
"87",-0.662650602409639,-4.51204819277108,12.5722891566265,8.8433734939759,5.03012048192771,-4.44578313253012,3.28313253012048
"88",-0.662650602409639,-3.51204819277108,13.5722891566265,1.8433734939759,-7.96987951807229,-2.44578313253012,8.28313253012048
"89",-0.662650602409639,3.48795180722892,0.572289156626507,-4.1566265060241,-5.96987951807229,2.55421686746988,-3.71686746987952
"91",0.337349397590361,3.48795180722892,7.57228915662651,-6.1566265060241,-2.96987951807229,-9.44578313253012,7.28313253012048
"92",0.337349397590361,-4.51204819277108,-6.42771084337349,-6.1566265060241,0.0301204819277103,7.55421686746988,-10.7168674698795
"93",-0.662650602409639,2.48795180722892,1.57228915662651,1.8433734939759,3.03012048192771,0.554216867469883,-5.71686746987952
"95",0.337349397590361,-4.51204819277108,1.57228915662651,6.8433734939759,-3.96987951807229,-6.44578313253012,-4.71686746987952
"96",0.337349397590361,4.48795180722892,-1.42771084337349,1.8433734939759,2.03012048192771,-0.445783132530117,-3.71686746987952
"97",0.337349397590361,-4.51204819277108,-2.42771084337349,-0.156626506024097,-6.96987951807229,13.5542168674699,-1.71686746987952
"98",-0.662650602409639,-2.51204819277108,1.57228915662651,1.8433734939759,-0.96987951807229,-5.44578313253012,1.28313253012048
"99",0.337349397590361,-4.51204819277108,1.57228915662651,1.8433734939759,7.03012048192771,-0.445783132530117,5.28313253012048
"100",0.337349397590361,-4.51204819277108,3.57228915662651,1.8433734939759,3.03012048192771,-0.445783132530117,-5.71686746987952
"101",0.337349397590361,-5.51204819277108,4.57228915662651,-0.156626506024097,-3.96987951807229,1.55421686746988,-4.71686746987952
"103",-0.662650602409639,-3.51204819277108,5.57228915662651,7.8433734939759,-4.96987951807229,-8.44578313253012,-5.71686746987952
"105",-0.662650602409639,-4.51204819277108,10.5722891566265,0.843373493975903,5.03012048192771,10.5542168674699,0.283132530120483
"107",-0.662650602409639,-4.51204819277108,0.572289156626507,5.8433734939759,4.03012048192771,0.554216867469883,3.28313253012048
"108",0.337349397590361,-5.51204819277108,18.5722891566265,3.8433734939759,8.03012048192771,7.55421686746988,5.28313253012048
"109",-0.662650602409639,-3.51204819277108,15.5722891566265,3.8433734939759,10.0301204819277,-14.4457831325301,8.28313253012048
"110",0.337349397590361,-5.51204819277108,4.57228915662651,10.8433734939759,-3.96987951807229,1.55421686746988,4.28313253012048
"111",0.337349397590361,-5.51204819277108,4.57228915662651,-0.156626506024097,7.03012048192771,2.55421686746988,2.28313253012048
"112",-0.662650602409639,-1.51204819277108,-2.42771084337349,-0.156626506024097,-2.96987951807229,1.55421686746988,0.283132530120483
"113",0.337349397590361,-5.51204819277108,3.57228915662651,1.8433734939759,-2.96987951807229,-1.44578313253012,-1.71686746987952
"114",0.337349397590361,-6.51204819277108,8.57228915662651,-13.1566265060241,-13.9698795180723,2.55421686746988,4.28313253012048
"115",0.337349397590361,-4.51204819277108,3.57228915662651,-2.1566265060241,-6.96987951807229,-0.445783132530117,5.28313253012048
"116",0.337349397590361,-4.51204819277108,0.572289156626507,-7.1566265060241,4.03012048192771,3.55421686746988,0.283132530120483
"117",0.337349397590361,-3.51204819277108,-5.42771084337349,6.8433734939759,5.03012048192771,-3.44578313253012,-1.71686746987952
"118",0.337349397590361,-0.512048192771083,-11.4277108433735,-6.1566265060241,7.03012048192771,-5.44578313253012,2.28313253012048
"119",0.337349397590361,-4.51204819277108,-4.42771084337349,-7.1566265060241,0.0301204819277103,2.55421686746988,-11.7168674698795
"120",0.337349397590361,-3.51204819277108,0.572289156626507,5.8433734939759,1.03012048192771,2.55421686746988,-3.71686746987952
"121",0.337349397590361,-0.512048192771083,1.57228915662651,-17.1566265060241,-7.96987951807229,14.5542168674699,1.28313253012048
"122",0.337349397590361,-5.51204819277108,7.57228915662651,-4.1566265060241,-1.96987951807229,5.55421686746988,5.28313253012048
"123",-0.662650602409639,-1.51204819277108,1.57228915662651,-7.1566265060241,-12.9698795180723,8.55421686746988,-1.71686746987952
"124",0.337349397590361,-5.51204819277108,-1.42771084337349,-11.1566265060241,-4.96987951807229,8.55421686746988,1.28313253012048
"125",-0.662650602409639,-4.51204819277108,5.57228915662651,-5.1566265060241,1.03012048192771,12.5542168674699,1.28313253012048
"128",0.337349397590361,-5.51204819277108,-6.42771084337349,3.8433734939759,4.03012048192771,1.55421686746988,-2.71686746987952
"129",0.337349397590361,-5.51204819277108,-2.42771084337349,-1.1566265060241,6.03012048192771,-7.44578313253012,-3.71686746987952
"130",-0.662650602409639,5.48795180722892,7.57228915662651,4.8433734939759,6.03012048192771,-13.4457831325301,7.28313253012048
"131",0.337349397590361,-5.51204819277108,4.57228915662651,6.8433734939759,-5.96987951807229,-8.44578313253012,-0.716867469879517
"132",0.337349397590361,-3.51204819277108,-2.42771084337349,-3.1566265060241,-0.96987951807229,0.554216867469883,-6.71686746987952
"133",0.337349397590361,-3.51204819277108,-10.4277108433735,-7.1566265060241,2.03012048192771,7.55421686746988,-6.71686746987952
"134",-0.662650602409639,-4.51204819277108,-0.427710843373493,-2.1566265060241,-2.96987951807229,6.55421686746988,-3.71686746987952
"136",-0.662650602409639,-3.51204819277108,8.57228915662651,-0.156626506024097,11.0301204819277,-2.44578313253012,7.28313253012048
"137",0.337349397590361,-4.51204819277108,-0.427710843373493,6.8433734939759,-3.96987951807229,0.554216867469883,0.283132530120483
"138",0.337349397590361,-4.51204819277108,-8.42771084337349,6.8433734939759,-2.96987951807229,6.55421686746988,-3.71686746987952
"139",0.337349397590361,-4.51204819277108,-3.42771084337349,1.8433734939759,1.03012048192771,2.55421686746988,-4.71686746987952
"140",0.337349397590361,-4.51204819277108,5.57228915662651,8.8433734939759,8.03012048192771,-2.44578313253012,5.28313253012048
"141",0.337349397590361,-5.51204819277108,-5.42771084337349,-2.1566265060241,2.03012048192771,-4.44578313253012,-1.71686746987952
"142",0.337349397590361,-4.51204819277108,-7.42771084337349,-1.1566265060241,-2.96987951807229,9.55421686746988,-3.71686746987952
"143",0.337349397590361,-0.512048192771083,-1.42771084337349,-0.156626506024097,8.03012048192771,-8.44578313253012,4.28313253012048
"146",-0.662650602409639,-4.51204819277108,-3.42771084337349,-19.1566265060241,1.03012048192771,18.5542168674699,1.28313253012048
"147",0.337349397590361,-1.51204819277108,-2.42771084337349,6.8433734939759,-1.96987951807229,-1.44578313253012,-1.71686746987952
"148",0.337349397590361,-5.51204819277108,-7.42771084337349,-1.1566265060241,-1.96987951807229,2.55421686746988,-2.71686746987952
"149",-0.662650602409639,-4.51204819277108,-0.427710843373493,3.8433734939759,-5.96987951807229,-1.44578313253012,5.28313253012048
"150",0.337349397590361,-5.51204819277108,-12.4277108433735,-4.1566265060241,6.03012048192771,-7.44578313253012,-10.7168674698795
"151",0.337349397590361,-5.51204819277108,-11.4277108433735,-2.1566265060241,-7.96987951807229,-1.44578313253012,-1.71686746987952
"152",0.337349397590361,-7.51204819277108,6.57228915662651,-6.1566265060241,7.03012048192771,-6.44578313253012,5.28313253012048
"153",0.337349397590361,-4.51204819277108,2.57228915662651,-1.1566265060241,1.03012048192771,-1.44578313253012,8.28313253012048
"154",0.337349397590361,-6.51204819277108,5.57228915662651,-3.1566265060241,-3.96987951807229,6.55421686746988,-4.71686746987952
"155",0.337349397590361,-4.51204819277108,-2.42771084337349,6.8433734939759,-2.96987951807229,8.55421686746988,2.28313253012048
"156",0.337349397590361,-5.51204819277108,-8.42771084337349,-5.1566265060241,7.03012048192771,-0.445783132530117,-3.71686746987952
"157",-0.662650602409639,-4.51204819277108,9.57228915662651,8.8433734939759,-0.96987951807229,-9.44578313253012,-1.71686746987952
"158",0.337349397590361,-5.51204819277108,-4.42771084337349,-5.1566265060241,2.03012048192771,0.554216867469883,-6.71686746987952
"159",0.337349397590361,-4.51204819277108,3.57228915662651,2.8433734939759,6.03012048192771,8.55421686746988,-15.7168674698795
"160",0.337349397590361,-5.51204819277108,2.57228915662651,-1.1566265060241,1.03012048192771,-3.44578313253012,-1.71686746987952
"161",0.337349397590361,-7.51204819277108,0.572289156626507,9.8433734939759,2.03012048192771,4.55421686746988,-5.71686746987952
"162",-0.662650602409639,-3.51204819277108,1.57228915662651,-1.1566265060241,8.03012048192771,3.55421686746988,-0.716867469879517
"163",0.337349397590361,-3.51204819277108,1.57228915662651,-0.156626506024097,3.03012048192771,1.55421686746988,-4.71686746987952
"164",-0.662650602409639,-1.51204819277108,3.57228915662651,-13.1566265060241,-8.96987951807229,4.55421686746988,2.28313253012048
"165",0.337349397590361,-6.51204819277108,0.572289156626507,5.8433734939759,4.03012048192771,-3.44578313253012,1.28313253012048
"166",0.337349397590361,-5.51204819277108,-0.427710843373493,-5.1566265060241,2.03012048192771,12.5542168674699,0.283132530120483
"168",0.337349397590361,-5.51204819277108,-3.42771084337349,7.8433734939759,-7.96987951807229,-6.44578313253012,0.283132530120483
"169",0.337349397590361,-8.51204819277108,-14.4277108433735,2.8433734939759,12.0301204819277,7.55421686746988,3.28313253012048
"170",-0.662650602409639,-6.51204819277108,-12.4277108433735,-12.1566265060241,-4.96987951807229,11.5542168674699,-10.7168674698795
"172",0.337349397590361,-5.51204819277108,3.57228915662651,-7.1566265060241,-1.96987951807229,2.55421686746988,9.28313253012048
"173",0.337349397590361,-5.51204819277108,-7.42771084337349,0.843373493975903,-2.96987951807229,-2.44578313253012,-0.716867469879517
"175",0.337349397590361,-5.51204819277108,-10.4277108433735,5.8433734939759,7.03012048192771,6.55421686746988,-2.71686746987952
"176",0.337349397590361,-5.51204819277108,-2.42771084337349,5.8433734939759,-5.96987951807229,0.554216867469883,-1.71686746987952
"177",0.337349397590361,-6.51204819277108,-12.4277108433735,-5.1566265060241,6.03012048192771,2.55421686746988,0.283132530120483
"178",0.337349397590361,-6.51204819277108,-11.4277108433735,4.8433734939759,2.03012048192771,0.554216867469883,-2.71686746987952
"179",0.337349397590361,-3.51204819277108,10.5722891566265,-9.1566265060241,-10.9698795180723,4.55421686746988,5.28313253012048
"180",-0.662650602409639,9.48795180722892,9.57228915662651,1.8433734939759,-0.96987951807229,-0.445783132530117,8.28313253012048
"181",0.337349397590361,-7.51204819277108,5.57228915662651,-6.1566265060241,-3.96987951807229,7.55421686746988,-4.71686746987952
"182",0.337349397590361,-6.51204819277108,4.57228915662651,-3.1566265060241,-3.96987951807229,2.55421686746988,7.28313253012048
"183",-0.662650602409639,-4.51204819277108,-13.4277108433735,4.8433734939759,2.03012048192771,-1.44578313253012,-3.71686746987952
