"","Gender","Age","Attitude","Deep","Stra","Surf","Points"
"1",2,53,3.7,3.58333333333333,3.375,2.58333333333333,25
"2",1,55,3.1,2.91666666666667,2.75,3.16666666666667,12
"3",2,49,2.5,3.5,3.625,2.25,24
"4",1,53,3.5,3.5,3.125,2.25,10
"5",1,49,3.7,3.66666666666667,3.625,2.83333333333333,22
"6",2,38,3.8,4.75,3.625,2.41666666666667,21
"7",1,50,3.5,3.83333333333333,2.25,1.91666666666667,21
"8",2,37,2.9,3.25,4,2.83333333333333,31
"9",1,37,3.8,4.33333333333333,4.25,2.16666666666667,24
"10",2,42,2.1,4,3.5,3,26
"11",1,37,3.9,3.58333333333333,3.625,2.66666666666667,31
"12",2,34,3.8,3.83333333333333,4.75,2.41666666666667,31
"13",2,34,2.4,4.25,3.625,2.25,23
"14",2,34,3,3.33333333333333,3.5,2.75,25
"15",1,35,2.6,4.16666666666667,1.75,2.33333333333333,21
"17",2,33,4.1,3.66666666666667,3.875,2.33333333333333,31
"18",2,32,2.6,4.08333333333333,1.375,2.91666666666667,20
"19",2,44,2.6,3.5,3.25,2.5,22
"20",1,29,1.7,4.08333333333333,3,3.75,9
"21",2,30,2.7,4,3.75,2.75,24
"22",1,27,3.9,3.91666666666667,2.625,2.33333333333333,28
"23",1,29,3.4,4,2.375,2.41666666666667,30
"24",2,31,2.7,4,3.625,3,24
"25",2,37,2.3,3.66666666666667,2.75,2.41666666666667,9
"26",2,26,3.7,3.66666666666667,1.75,2.83333333333333,26
"27",2,26,4.4,4.41666666666667,3.25,3.16666666666667,32
"28",1,30,4.1,3.91666666666667,4,3,32
"30",2,33,3.7,3.75,3.625,2,33
"31",2,33,2.5,3.25,2.875,3.5,29
"32",1,28,3,3.58333333333333,3,3.75,30
"33",1,26,3.4,4.91666666666667,1.625,2.5,19
"34",2,27,3.2,3.58333333333333,3.25,2.08333333333333,23
"35",2,25,2,2.91666666666667,3.5,2.41666666666667,19
"36",2,31,2.4,3.66666666666667,3,2.58333333333333,12
"37",1,20,4.2,4.5,3.25,1.58333333333333,10
"38",2,39,1.6,4.08333333333333,1.875,2.83333333333333,11
"39",1,38,3.1,3.83333333333333,4.375,1.83333333333333,20
"40",1,24,3.8,3.25,3.625,2.41666666666667,26
"41",1,26,3.8,2.33333333333333,2.5,3.25,31
"42",1,25,3.3,3.33333333333333,1.25,3.41666666666667,20
"43",2,30,1.7,4.08333333333333,4,3.41666666666667,23
"44",2,25,2.5,2.91666666666667,3,3.16666666666667,12
"45",1,30,3.2,3.33333333333333,2.5,3.5,24
"46",2,48,3.5,3.83333333333333,4.875,2.66666666666667,17
"47",2,24,3.2,3.66666666666667,5,2.41666666666667,29
"48",2,40,4.2,4.66666666666667,4.375,3.58333333333333,23
"49",1,25,3.1,3.75,3.25,2.08333333333333,28
"50",2,23,3.9,3.41666666666667,4,3.75,31
"51",2,25,1.9,4.16666666666667,3.125,2.91666666666667,23
"52",2,23,2.1,2.91666666666667,2.5,2.91666666666667,25
"53",1,27,2.5,4.16666666666667,3.125,2.41666666666667,18
"54",1,25,3.2,3.58333333333333,3.25,3,19
"55",1,23,3.2,2.83333333333333,2.125,3.41666666666667,22
"56",2,23,2.6,4,2.75,2.91666666666667,25
"57",2,23,2.3,2.91666666666667,2.375,3.25,21
"58",2,45,3.8,3,3.125,3.25,9
"59",2,22,2.8,4.08333333333333,4,2.33333333333333,28
"60",2,23,3.3,2.91666666666667,4,3.25,25
"61",1,21,4.8,3.5,2.25,2.5,29
"62",1,21,4,4.33333333333333,3.25,1.75,33
"63",2,21,4,4.25,3.625,2.25,33
"64",2,21,4.7,3.41666666666667,3.625,2.08333333333333,25
"65",2,26,2.3,3.08333333333333,2.5,2.83333333333333,18
"66",2,25,3.1,4.58333333333333,1.875,2.83333333333333,22
"67",2,26,2.7,3.41666666666667,2,2.41666666666667,17
"68",1,21,4.1,3.41666666666667,1.875,2.25,25
"70",2,23,3.4,3.41666666666667,4,2.83333333333333,28
"71",2,22,2.5,3.58333333333333,2.875,2.25,22
"72",2,22,2.1,1.58333333333333,3.875,1.83333333333333,26
"73",2,22,1.4,3.33333333333333,2.5,2.91666666666667,11
"74",2,23,1.9,4.33333333333333,2.75,2.91666666666667,29
"75",1,22,3.7,4.41666666666667,4.5,2.08333333333333,22
"77",1,23,3.2,4.83333333333333,3.375,2.33333333333333,21
"78",1,24,2.8,3.08333333333333,2.625,2.41666666666667,28
"79",2,22,4.1,3,4.125,2.75,33
"80",2,23,2.5,4.08333333333333,2.625,3.25,16
"81",1,22,2.8,4.08333333333333,2.25,1.75,31
"82",1,20,3.8,3.75,2.75,2.58333333333333,22
"83",1,22,3.1,3.08333333333333,3,3.33333333333333,31
"84",1,21,3.5,4.75,1.625,2.83333333333333,23
"85",2,22,3.6,4.25,1.875,2.5,26
"86",2,23,2.6,4.16666666666667,3.375,2.41666666666667,12
"87",1,21,4.4,4.41666666666667,3.75,2.41666666666667,26
"88",1,22,4.5,3.83333333333333,2.125,2.58333333333333,31
"89",1,29,3.2,3.33333333333333,2.375,3,19
"91",2,29,3.9,3.16666666666667,2.75,2,30
"92",2,21,2.5,3.16666666666667,3.125,3.41666666666667,12
"93",1,28,3.3,3.83333333333333,3.5,2.83333333333333,17
"95",2,21,3.3,4.25,2.625,2.25,18
"96",2,30,3,3.83333333333333,3.375,2.75,19
"97",2,21,2.9,3.66666666666667,2.25,3.91666666666667,21
"98",1,23,3.3,3.83333333333333,3,2.33333333333333,24
"99",2,21,3.3,3.83333333333333,4,2.75,28
"100",2,21,3.5,3.83333333333333,3.5,2.75,17
"101",2,20,3.6,3.66666666666667,2.625,2.91666666666667,18
"103",1,22,3.7,4.33333333333333,2.5,2.08333333333333,17
"105",1,21,4.2,3.75,3.75,3.66666666666667,23
"107",1,21,3.2,4.16666666666667,3.625,2.83333333333333,26
"108",2,20,5,4,4.125,3.41666666666667,28
"109",1,22,4.7,4,4.375,1.58333333333333,31
"110",2,20,3.6,4.58333333333333,2.625,2.91666666666667,27
"111",2,20,3.6,3.66666666666667,4,3,25
"112",1,24,2.9,3.66666666666667,2.75,2.91666666666667,23
"113",2,20,3.5,3.83333333333333,2.75,2.66666666666667,21
"114",2,19,4,2.58333333333333,1.375,3,27
"115",2,21,3.5,3.5,2.25,2.75,28
"116",2,21,3.2,3.08333333333333,3.625,3.08333333333333,23
"117",2,22,2.6,4.25,3.75,2.5,21
"118",2,25,2,3.16666666666667,4,2.33333333333333,25
"119",2,21,2.7,3.08333333333333,3.125,3,11
"120",2,22,3.2,4.16666666666667,3.25,3,19
"121",2,25,3.3,2.25,2.125,4,24
"122",2,20,3.9,3.33333333333333,2.875,3.25,28
"123",1,24,3.3,3.08333333333333,1.5,3.5,21
"124",2,20,3,2.75,2.5,3.5,24
"125",1,21,3.7,3.25,3.25,3.83333333333333,24
"128",2,20,2.5,4,3.625,2.91666666666667,20
"129",2,20,2.9,3.58333333333333,3.875,2.16666666666667,19
"130",1,31,3.9,4.08333333333333,3.875,1.66666666666667,30
"131",2,20,3.6,4.25,2.375,2.08333333333333,22
"132",2,22,2.9,3.41666666666667,3,2.83333333333333,16
"133",2,22,2.1,3.08333333333333,3.375,3.41666666666667,16
"134",1,21,3.1,3.5,2.75,3.33333333333333,19
"136",1,22,4,3.66666666666667,4.5,2.58333333333333,30
"137",2,21,3.1,4.25,2.625,2.83333333333333,23
"138",2,21,2.3,4.25,2.75,3.33333333333333,19
"139",2,21,2.8,3.83333333333333,3.25,3,18
"140",2,21,3.7,4.41666666666667,4.125,2.58333333333333,28
"141",2,20,2.6,3.5,3.375,2.41666666666667,21
"142",2,21,2.4,3.58333333333333,2.75,3.58333333333333,19
"143",2,25,3,3.66666666666667,4.125,2.08333333333333,27
"146",1,21,2.8,2.08333333333333,3.25,4.33333333333333,24
"147",2,24,2.9,4.25,2.875,2.66666666666667,21
"148",2,20,2.4,3.58333333333333,2.875,3,20
"149",1,21,3.1,4,2.375,2.66666666666667,28
"150",2,20,1.9,3.33333333333333,3.875,2.16666666666667,12
"151",2,20,2,3.5,2.125,2.66666666666667,21
"152",2,18,3.8,3.16666666666667,4,2.25,28
"153",2,21,3.4,3.58333333333333,3.25,2.66666666666667,31
"154",2,19,3.7,3.41666666666667,2.625,3.33333333333333,18
"155",2,21,2.9,4.25,2.75,3.5,25
"156",2,20,2.3,3.25,4,2.75,19
"157",1,21,4.1,4.41666666666667,3,2,21
"158",2,20,2.7,3.25,3.375,2.83333333333333,16
"159",2,21,3.5,3.91666666666667,3.875,3.5,7
"160",2,20,3.4,3.58333333333333,3.25,2.5,21
"161",2,18,3.2,4.5,3.375,3.16666666666667,17
"162",1,22,3.3,3.58333333333333,4.125,3.08333333333333,22
"163",2,22,3.3,3.66666666666667,3.5,2.91666666666667,18
"164",1,24,3.5,2.58333333333333,2,3.16666666666667,25
"165",2,19,3.2,4.16666666666667,3.625,2.5,24
"166",2,20,3.1,3.25,3.375,3.83333333333333,23
"168",2,20,2.8,4.33333333333333,2.125,2.25,23
"169",2,17,1.7,3.91666666666667,4.625,3.41666666666667,26
"170",1,19,1.9,2.66666666666667,2.5,3.75,12
"172",2,20,3.5,3.08333333333333,2.875,3,32
"173",2,20,2.4,3.75,2.75,2.58333333333333,22
"175",2,20,2.1,4.16666666666667,4,3.33333333333333,20
"176",2,20,2.9,4.16666666666667,2.375,2.83333333333333,21
"177",2,19,1.9,3.25,3.875,3,23
"178",2,19,2,4.08333333333333,3.375,2.83333333333333,20
"179",2,22,4.2,2.91666666666667,1.75,3.16666666666667,28
"180",1,35,4.1,3.83333333333333,3,2.75,31
"181",2,18,3.7,3.16666666666667,2.625,3.41666666666667,18
"182",2,19,3.6,3.41666666666667,2.625,3,30
"183",1,21,1.8,4.08333333333333,3.375,2.66666666666667,19
